1 0.9493827819824219
2 0.7300181447723766
3 0.9502510730131173
4 0.7498322834196103
5 0.8596259801309378
6 0.6699862181190224
7 0.6300571615967057
8 0.6300218766604676
9 0.6600099212938364
10 0.6379910832890542
11 0.7797885787821262
12 0.7199535904643691
13 0.8400023273218458
14 0.8013062287969729
15 0.9601250570850731
36 0.9999326865721103
37 0.6200441919191919
38 0.7009255047802512
39 0.9200902094035388
40 0.8065088892961877
45 0.6325542600683891
46 0.5999685362841946
47 0.8861923758865248
61 0.8399249651369168
100 0.6949140625
101 0.859869140625
109 0.66000151659234
110 0.7515073698189927
111 0.6299279003803777
112 0.709935319386149
113 0.8046239670776495
114 0.6190823370229941
115 0.839865727433953
