2 0.8653646693361955
3 0.41995767110538373
4 0.5836454306271478
5 0.11285505262027491
6 0.5081929957613032
7 0.5298890458776596
8 0.7401655481216756
9 0.7401603536402925
10 0.8200722552360372
11 0.7753466678071776
12 0.7794192423205596
13 0.5100780774787105
14 0.7812214773122392
15 0.9341750695410292
16 0.7506699546089386
17 0.11217811627094972
18 0.41005041026536315
19 0.41002422311452513
20 0.24003469797486032
21 0.17003155657983762
22 0.44004909365558914
23 0.999780199679003
24 0.206658032005287
25 0.6953597054380665
26 0.9694153016427492
27 0.03623075263444767
28 0.4197841910428779
29 0.4799620162609012
30 0.8201478470203488
31 0.1082672768450798
32 0.510025349069149
33 0.050109192565247256
34 0.6773963341346154
35 0.8897530691964286
36 0.8895324102722773
37 0.9300706315748762
38 0.019873621323529413
39 0.66573828125
40 0.6795572916666667
41 0.8802235362293956
42 0.2799315262734192
43 0.100006174985363
44 0.6700432230029586
45 0.7300041605029586
46 0.6319977348372781
47 0.23962532359467456
48 0.3871814667866492
49 0.8897225744437173
50 0.09003044577205882
51 0.4165852864583333
52 0.16002580231311275
53 0.7126560585171569
54 0.4697289560355392
55 0.22005412038485608
56 0.22006023153942428
57 0.24003515136107634
58 0.10023760168961202
59 0.6013962765957447
60 0.8990840601533167
61 0.5900896303444181
62 0.08020222498515439
63 0.0799980979067696
64 0.10212544561589806
65 0.44001607061589804
66 0.6200032552083333
67 0.050103916266025644
68 0.05002378806089743
69 0.08999774639423076
70 0.7498234675480769
71 0.35612855568910257
72 0.2896221454326923
73 0.569775390625
74 0.489853766025641
75 0.5047357476056803
76 0.45987837475231175
77 0.2200039217305152
78 0.27998446788309117
79 0.38010727997027743
80 0.5509257348084544
81 0.6499997419914135
82 0.10008652733262108
83 0.7197783287070201
84 0.47300462258237824
85 0.35778144027578795
86 0.263357080497851
87 0.11982897564469915
88 0.504349760476361
89 0.5096229181590258
90 0.8894567626253582
91 0.3710748564087062
92 0.4600247033706167
93 0.5199173877720678
94 0.7005908970677146
95 0.2698855048367594
96 0.1000262148579202
97 0.10510517590533672
98 0.6000287881194409
99 0.9400661134053367
100 0.8796488340736041
114 0.3299772787144363
115 0.4099885158719705
116 0.3401603336193242
117 0.6075208718321014
118 0.4873521234820486
119 0.38924213800158397
120 0.20003856751583948
121 0.5567726207761352
122 0.7738138942053854
123 0.7749905128035903
124 0.8200278841077085
