2 0.09000818835910653
3 0.5500261759020618
4 0.42347223841728854
5 0.4200081137282338
6 0.8796338133550995
7 0.10992522737873134
8 0.12661594511103152
9 0.16009888744627507
10 0.3452722063037249
11 0.6999742568051576
12 0.6900169569305158
13 0.5998388252148997
14 0.1601156764863897
15 0.4900385028653295
16 0.6543998517135325
17 0.6993543360061512
18 0.139703358413884
19 0.7600831365333919
20 0.749711665202109
21 0.9988380794156415
22 0.9698724461775043
23 0.5498804209183673
24 0.36973719175170067
25 0.5801413231895224
26 0.580097686344376
