3 0.11019586057079081
4 0.4300910794005102
5 0.46000951650191324
6 0.7800386204915134
7 0.6918068201909476
8 0.37004812367397455
9 0.1700619320972495
10 0.19987682649803537
11 0.34995518325070823
12 0.6302203213526912
13 0.6301843572946175
14 0.33961966625354106
15 0.050026004780453256
16 0.5891687322946175
17 0.9500929532577904
18 0.394103048098434
19 0.9089041573660714
20 0.9495327479719764
21 0.2766858792249417
22 0.7201272035256411
23 0.9800954254079254
24 0.7809940607574349
25 0.8592225255576208
26 0.2700623351258117
27 0.729953518161526
