3 0.9649204433900523
5 0.3357506524180761
6 0.8796526080206131
7 0.43993108317917545
8 0.4398650155258985
9 0.1999651080206131
10 0.19010451076902748
11 0.45003089689265535
12 0.16990866197724477
13 0.3936399715559656
14 0.17513074906561463
15 0.8598470592815615
16 0.10050531785436137
17 0.23992055828651684
18 0.6858189957865168
19 0.06983848314606741
20 0.029970593398876404
21 0.6986723139044944
22 0.35006364115168537
23 0.9797240332733813
24 0.7503093793044077
25 0.7998638731060606
26 0.8502362043732782
