3 0.15014298511576626
4 0.22986004803631757
5 0.21185797614020271
6 0.16943854254645271
7 0.09007964263091216
8 0.5300243480785473
9 0.15009864600929054
10 0.6200033651815878
11 0.7464254830629771
12 0.29010429091125955
13 0.43668261288546256
14 0.7467541127477973
15 0.2901552175110132
16 0.7960557982819905
17 0.25393864780805686
18 0.7886876110781991
19 0.789807649585308
20 0.969930205864929
21 0.9600183823529411
22 0.3701059626436782
23 0.8902545797413793
24 0.4498970520320197
25 0.44992832127463056
26 0.5525924607450738
27 0.1097259521484375
28 0.1098724365234375
29 0.1898529052734375
30 0.420111083984375
31 0.049502144607843135
32 0.8196001838235294
33 0.7517809970773381
34 0.5335333295863309
35 0.7689656868255396
36 0.5798216895233813
37 0.9808211616847826
38 0.999462890625
39 0.6201539003759399
40 0.6225376849811083
41 0.12338161738668556
42 0.20983072916666667
43 0.34025390625
44 0.9302278645833333
45 0.07316343245967742
46 0.9255239835349462
47 0.7516119677947598
48 0.25987223662663755
49 0.540184054312227
50 0.29329057173295453
51 0.3171164772727273
52 0.6940862482244318
53 0.10958584872159091
54 0.8186312588778409
55 0.739898681640625
56 0.5600229899088541
57 0.482421875
58 0.1684722900390625
59 0.7798970540364584
60 0.6777852376302084
61 0.17993032094594594
62 0.5504557291666666
63 0.8395182291666666
64 0.7524711794969512
65 0.9488257431402439
66 0.7831323596014492
67 0.7100175498188406
68 0.22002849486714976
69 0.08277192783816426
70 0.5765587258454107
71 0.7099750905797102
72 0.27020588013285024
73 0.27014926781400966
74 0.8297431687801933
75 0.7495906113537117
76 0.03936527701965065
77 0.7600428152292577
78 0.7602901542030568
79 0.39011326419213976
80 0.17004980895196506
81 0.9398326623908297
82 0.5402507648601399
83 0.6676921711101399
84 0.4629862325174825
85 0.619960118006993
86 0.6200864565122378
87 0.19021457058566432
88 0.19031017810314685
89 0.7602675644667832
90 0.3588184276660839
91 0.6096942608173077
92 0.7703763521634616
93 0.619941907051282
94 0.7400778745993589
95 0.08022210536858974
96 0.9401041666666666
97 0.6301181891025641
98 0.2803836137820513
99 0.06979667467948718
100 0.8149157072368421
101 0.832177734375
102 0.7549272017045454
103 0.8306551846590909
104 0.7611897786458334
105 0.5514729817708334
106 0.4451904296875
107 0.6282552083333334
108 0.7477620442708334
109 0.7144775390625
110 0.6911214192708334
111 0.5001220703125
112 0.9043782552083334
113 0.6513671875
114 0.6404506138392857
115 0.26014927455357145
116 0.7598005022321429
117 0.5568498883928571
118 0.31089564732142855
119 0.46414620535714285
120 0.7194126674107143
121 0.491455078125
122 0.5824148995535714
123 0.466064453125
124 0.5430733816964286
125 0.372314453125
