1 0.9397411346435547
2 0.7505774059087363
3 0.9143915756630265
4 0.6400048015364916
5 0.7764809739116517
6 0.6295001900608195
7 0.7799445822663252
8 0.7500050016005122
9 0.7899515344910372
10 0.9600884783130602
11 0.8597050577090593
12 0.8101998040069687
13 0.749891843077957
14 0.916720220094086
15 0.6098937331989247
16 0.7998771421370968
17 0.669674059139785
18 0.6399781586021506
19 0.6401073168682796
20 0.969977528561828
24 0.7400765058290155
25 0.7400694219559586
26 0.9293667017487046
40 0.8830485675598632
41 0.8099027593085106
42 0.6300309806034483
43 0.8698641471674877
47 0.8398875956632653
82 0.8157753140318628
101 0.3969860678407935
102 0.13178588356433055
103 0.6299052856956067
104 0.7950304958027282
105 0.6189633476521511
106 0.6400921432318992
107 0.7297319730456453
108 0.8540392592471143
113 0.9798084442468106
125 0.8297790720696938
